@nodes
label table_size
0 132
1 132
2 132
3 132
4 132
5 132
6 132
7 132
8 132
9 132
10 132
11 132
@arcs
    bandwidth
1 0 100000.0
0 1 100000.0
4 1 100000.0
1 4 100000.0
5 1 100000.0
1 5 100000.0
11 1 100000.0
1 11 100000.0
5 2 100000.0
2 5 100000.0
8 2 100000.0
2 8 100000.0
6 3 100000.0
3 6 100000.0
9 3 100000.0
3 9 100000.0
10 3 100000.0
3 10 100000.0
6 4 100000.0
4 6 100000.0
7 4 100000.0
4 7 100000.0
6 5 100000.0
5 6 100000.0
9 7 100000.0
7 9 100000.0
11 8 100000.0
8 11 100000.0
10 9 100000.0
9 10 100000.0
